Generated in 2:12:10.65

144400
56699
12859333200
1940803828128080
276676
7884863
1364224
448012019568
1075
4626800
19904494675
278783
17100
80010393993900
881
3108168
83821311
910840502744420377599
49260699
1267875
42849
156255952
348553692
485958706221538224
33516
291841970175
20678464780163
964323
3678049583
381923
56870575
2353616
66042476
2096
17581248
1008
16411474800
90131875
642054733981199
3511250
172
119024
82126732
647
1677024
53638560000
4860980
23275
2166995600
207226899
45090107
8132471177446224
2282175
379456
111556
63671236
796
2537648
2152411
625
1565000
127985062499
320356
410513148368
227211812
4032063
2644
27973520
275135794280347
96236
31423
78651
199148800
158640978962355200
186978275
17407
1212084224
84397424534527
1973534297718431043
71547300
244036
656099
616958172
1374568120575
599075
389375
19043
844
2852720
9636489004
79375
25201880000
1556
9690768
60334723124
10265647
421534074377024
35072
742736719
74204855122175
10043
403487568
31437499
6875
527076
9
360
519840
14119618275
547
1199024
2625863107
6380675
226261763
2224
176123455024
16362404
921599
12524104250826854399
2656570624
2312
21390624
141964027
44
7920
1409804
250937280
119375
57002040000
4208574214075
54813604
55083007
1876899
220679999
448
804608
1443467200
9355145283
18144575
448012019568
6875
278783
271
294848
8389232
25676
2637130608
12175
65228800
4578124
12296148543
227462575
45090107
8132471177446224
4199152
258340324
54269999
832
2772224
30740914713600
210176
11518870275
530737489695189783600
275135794280347
166464
110841719040
6190000
5065091
12492
624250224
184345300
1698099263
8389232
17424
7761267
4075
66438800
611524
1495848856400
1698264099
76057994627
783
7695500175
15632
977500224
55232
708963
17983
1293625088
146688
50501954407507200
54269999
432963
656099
323
418608
541679075
700932305088
20142143
2644
27973520
224657307
2857053945023
1092700
4775977530800
291599
12167
592192224
399987
10306517992316
381951
110843199
291841970175
68558399
406801
661949841608
71603577099
1179785103
2312
21390624
3364
226261763
2526342975
824463
21441199
5853619
52
11024
2315092
467034532
154549624383
2547
25959024
264522457107
348553692
485958706221538224
586426279737599
395214399
11957764
143463424
21948696821947
25200292516
110843199
800
21951
1927473408
963
3713328
1556
9690768
60334723124
38799
1853572
525235247
25747324
380132
578002870224
28140001
3167438737680008
57428
13192130448
10617241599
381708449
110223
25524
2606000400
6864261349375
3644
53129520
774522146204
163021823
276280589375
11236
505035728
58643
67
18224
4920547
1328529600
96847150799024
21713590332302399
71
20448
5848199
136805749567200
227211812
2816
31730688
357477933824
4624
463
859328
1593194575
21707
1884862224
58920975
55232
154549624383
41264640768
261418832
4511742975
3411
2224
176123455024
79375
25201880000
188600855523
45090107
8132471177446224
229275
828
409599
7884863
10016212225599
2174975
708963
23471
2203645248
52186175
2734892370000
331
439568
1889625076953124
1993521255282
257499
387
600624
9145301774399
1694804224
2167028
18784050079248
36427380124
121478436403
367
540224
110469248
29320000
10000
400040000
16002400090000
232956
217074923568
136489878273924
600943
2972065665023
271
294848
2282175
908
3301488
11997608300
9759375
8441424
359862300
27624458196
59858
683
5108993675
177742224
23716
2249889488
463
859328
1593194575
147748049
41875
1294299
4882219359494399
3556313424
284107
322868286224
12716
646837488
10768
7024
197374400
206983300
186978275
243741775
237640212495569600
67083547
220679999
19
1520
118579
3844
59120720
76856431
28
3248
370300
42211008
548489841200
309808
54269999
127281343167
4884300
7407
20449
12329900
1030224
1752975
12291692414400
1267875
123299
400868
7218496
76057994627
94711824
14119618275
1276061283
4175
42849
777740543
12716
646837488
656
1723968
4527140624
61622500
387099
508
1034288
2103742300
387
600624
10816
20247912053824
121220956224
2799
31348800
1052
4431024
9999
15997600089999
1698099263
5519899
220679999
4700224
6384500
229275
13826299
2179237298175
16362404
258475
267238336400
57599
937024
187771675
1563200
3968999999
74822499
45602
8318352024
249407
4884300
155732175
3871
59954048
928448391199
3448065660483759156195200
9999
15997600089999
4624
213864702718975
13583069795812
253543771
705858623
1992945585477259008
1764
29583
37636
84099
28290903600
1190333627
461708
852698955888
828
7375675
12592
634284224
10549503
18785209563651813458175
2348
22061808
5917500
651780899
2574732500
18335643802956
15
960
59535
3690240
228735375
14177903040
5350211
267649024
258475
267238336400
990143
254016
17
1224
85697
5997600
29376246024
78399
211
178928
151373299
6501618
10306517992316
10086975
10403
18016000964675
6848
55314827
435599
2012091184323
6864261349375
9604911671875
2196
19298448
169556166324
160204
2152411
9865881
2196
19298448
169556166324
45164750399
73486739375
300303
360728768448
172174823424
2012445475
69628
32976
4349798208
364815
42823843
21951
1927473408
38416
368
543168
800630000
31651875
5776
612
1500624
3676529412
9156675
5519899
19140624
5377034299
3083197
1359
446307875
2438750722499
6414087743
204237945963
1887092
14244472414224
1006311824892
3678608920899
1665274675
195200
1489147
2505339
788851
2489146756208
2211495365924
2364239192256
5327
65060356
214767
184500316224
55225
8883062499
803924
900463
307720399791
200703
24304059
46895103
922571
54464399
95057599
451583
214767
184500316224
84674817
18924075
837211
610623004
107453956
73
21608
6352825
161433567333800
145545092
84733495803334224
299327141888
19599
117967
55665324224
805006224
33652
4529963024
1026508608
