Generated in 2:06:56.0

2929393044
147130963
277888900
14499
840942000
218124
378450
2340899
4580
1537654066820
339520
461096679680
11717593507
928173808
10511
140944383
1804720323
474467499
570025
1299716282600
9039805052524
4648032396
1049418175
928
3448448
12807536800
9014293249027568
6233507046363843
272838602752
28718881
934158377231
15527652099
13502845444
20982241
1761017833457288
14186511
805028434158528
131075
43600
6589488
28333429100
2215584899
1155864004
1239620935583524
3431875
41434217224
981836
8862127
14163231136
1033386789639555
